water reflected
1   5 -7.9  1 -2 4 -3 6 -5 imp:n=1 $base
2   2 -2.7  -8 -7  imp:n=1 u=1  $ kone
3   1 -10.38  -12 -11 9 imp:n=1 u=1    $ fuel zone 
4   2  -2.7    -14 -11 13 12  imp:n=1 u=1 $ spring zone
5   3   -.001293           -14  -13 12 imp:n=1 u=1     $ air in sprig zone
6   2  -2.7 7 -10 -15 #3 #4 #5 u=1 imp:n=1               $ end and upper blug ,clad
7   5  -7.9   16 -17 18  imp:n=1 u=1 $bottom grid
8   5  -7.9   19 -20 18  imp:n=1 u=1 $top grid
9   4   -1  (10:8) -21 #7 imp:n=1 u=1 $water 
10  0           -26 27 -28 29 -15 2 fill=2  imp:n=1
11  0           -22 23 -24 25 lat=1 u=2 imp:n=1
            fill=-11:10 -11:10 0:0
            1 1 1 1 1 1 1 1 1 1 1 1 1 1 1 1 1 1 1 1 1 1
            1 1 1 1 1 1 1 1 1 1 1 1 1 1 1 1 1 1 1 1 1 1
            1 1 1 1 1 1 1 1 1 1 1 1 1 1 1 1 1 1 1 1 1 1
            1 1 1 1 1 1 1 1 1 1 1 1 1 1 1 1 1 1 1 1 1 1
            1 1 1 1 1 1 1 1 1 1 1 1 1 1 1 1 1 1 1 1 1 1
            1 1 1 1 1 1 1 1 1 1 1 1 1 1 1 1 1 1 1 1 1 1
            1 1 1 1 1 1 1 1 1 1 1 1 1 1 1 1 1 1 1 1 1 1
            1 1 1 1 1 1 1 1 1 1 1 1 1 1 1 1 1 1 1 1 1 1
            1 1 1 1 1 1 1 1 1 1 1 1 1 1 1 1 1 1 1 1 1 1
            1 1 1 1 1 1 1 1 1 1 1 1 1 1 1 1 1 1 1 1 1 1
            1 1 1 1 1 1 1 1 1 1 1 1 1 1 1 1 1 1 1 1 1 1
            1 1 1 1 1 1 1 1 1 1 1 1 1 1 1 1 1 1 1 1 1 1
            1 1 1 1 1 1 1 1 1 1 1 1 1 1 1 1 1 1 1 1 1 1
            1 1 1 1 1 1 1 1 1 1 1 1 1 1 1 1 1 1 1 1 1 1
            1 1 1 1 1 1 1 1 1 1 1 1 1 1 1 1 1 1 1 1 1 1
            1 1 1 1 1 1 1 1 1 1 1 1 1 1 1 1 1 1 1 1 1 1
            1 1 1 1 1 1 1 1 1 1 1 1 1 1 1 1 1 1 1 1 1 1
            1 1 1 1 1 1 1 1 1 1 1 1 1 1 1 1 1 1 1 1 1 1
            1 1 1 1 1 1 1 1 1 1 1 1 1 1 1 1 1 1 1 1 1 1
            1 1 1 1 1 1 1 1 1 1 1 1 1 1 1 1 1 1 1 1 1 1
            1 1 1 1 1 1 1 1 1 1 1 1 1 1 1 1 1 1 1 1 1 1
            1 1 1 1 1 1 1 1 1 1 1 1 1 1 1 1 1 1 1 1 1 1
12  4   -1 30 -21 -31 32 -33 34 #1 #10 #13 imp:n=1 $water boundary
13  5   -7.9  -35 36 -37 38 16 -17 #10 imp:n=1
14  5   -7.9  -35 36 -37 38 19  -20 #10 imp:n=1
15  12   -11.34   39 -40 imp:n=1
16  0             40  imp:n=0 
17  3   -.001293  -39 #12 #10 #13 #14 #1 imp:n=1
18  3   -.001293  10 21 -15 #8 imp:n=1 u=1  $outer air zone in bin 

1  pz  -0.8       $ base
2  pz  0.0
3  px  46.87
4  px  -48.13
5  py  46.87
6  py  -48.13
7  pz  0.8        $ kone
8  kz  0.0  0.345 1
9  pz  1.8        $below blug
10 cz  0.47
11 cz  0.41       $ fuel zone
12 pz  91.5
13 cz .3           $ spring zone
14 pz  98.75 
15 pz   100
16 pz  1.5         $bottom grid
17 pz  1.75
18 cz .5
19 pz 98.25       $top grid
20 pz 98.5
21 pz 92.49      $critical water hieght+1.8
22 px 0.63
23 px -0.63
24 py  0.63
25 py  -0.63     
26 px  13.23   $ fuel array
27 px  -14.49
28 py   13.23
29 py   -14.49
30 pz   -20           $water boundary
31 px   59.36
32 px   -60.63
33 py   59.36
34 py   -60.63
35 px   29.37
36 px   -30.63
37 py   29.37
38 py   -30.63
39 so    200
40 so    202

kcode  3500 1.0  100  1100
ksrc   0 0 44.85
m1   92234.66c     7.1087e-6   $ (uo2) & Density  10.38 (g/cm3) 
     92235.66c     1.1104e-3
     92236.66c     3.1792e-5
     92238.66c     2.2006e-2
     8016.66c      4.6311e-2
     13027.66c     4.1701e-6
     26000.     9.5140e-6
     14000.     2.2479e-5
     5010.      6.9037e-8
     5011.66c      2.7788e-7 
m2   13027.66c     5.9569e-2  $ (cladding, end plugs,spring)  & Density  2.7 (g/cm3) 
     12000.66c     3.1442e-4
     14000.     2.4894e-4
     30000.     7.4597e-6
     26000.     6.4052e-5
m3   7014.      4.1985e-5 $ (air)  & Density  (g/cm3)  
     8016.66c      1.1263e-5
m4   8016.666c       3.3353e-2 $ (water) & Density   (g/cm3) 
     1001.66c      6.6706e-2
m5   6000.66c      5.9414e-5 $ Stainless steel (basket, grid ,experimental tank and pedestal) & Density  7.9 (g/cm3) 
     24000.     1.6469e-2
     26000.     6.0014e-2
     25055.66c     8.6597e-4
     28000.     8.1061e-3
     14000.     8.4696e-4
     16000.66c     2.2256e-5
     15031.66c     3.0719e-5
m12  82000.     -11.34 