water reflected
1   5 -7.9  1 -2 4 -3 6 -5 imp:n=1 $base
2   2 -2.7  -8 -7  imp:n=1 u=1  $ cone
3   1 -10.38  -12 -11 9 imp:n=1 u=1    $ fuel zone 
4   2  -2.7    -14 -11 13 12  imp:n=1 u=1 $ spring zone
5   3   -.001293           -14  -13 12 imp:n=1 u=1     $ air in sprig zone
6   2  -2.7 7 -10 -15 #3 #4 #5 u=1 imp:n=1             $ end and upper blug ,clad
7   5  -7.9   16 -17 18  imp:n=1 u=1 $bottom grid
8   5  -7.9   19 -20 18  imp:n=1 u=1 $top grid
9   4   -1  (10:8) -21 #7 imp:n=1 u=1 $water 
10  0       -22 23 -24 25 -41 42 -15 2 fill=4 imp:n=1
12  4  -1  30 -21 -31 32 -33 34 #1 #10 #13 imp:n=1 $water boundary
13  5   -7.9  -35 36 -37 38 16 -17 #10 imp:n=1
14  5   -7.9  -35 36 -37 38 19  -20 #10 imp:n=1
15  12   -11.34   39 -40 imp:n=1
16  0             40  imp:n=0 
17  3   -.001293  -39 #12 #10 #13 #14 #1 imp:n=1
18  3   -.001293  10 21 -15 #8 imp:n=1 u=1  $outer air zone in bin
19  4  -1  10 -21 #21 imp:n=1 u=3 $water
20  4   -1        -10 -21 u=3 imp:n=1 $cone
21  5  -7.9   16 -17 18  imp:n=1 u=3 $bottom grid
22  5   5  -7.9   19 -20 18  imp:n=1 u=3 $top grid
23  3  -.001293 -10 21 -15 u=3 imp:n=1 $air rigeon
24  3  -.001293 10 21 -15 #22 u=3 imp:n=1 $ OUTER air
25  0     -45 46 -47 50 -48 49 lat=2 u=4 imp:n=1  
            fill=-10:10 -10:10 0:0
        1 1 1 1 1 1 1 1 1 1 3 3 3 3 1 3 1 3 3 3 3  $y=-10
        1 1 1 1 1 1 1 1 1 3 3 1 1 1 1 1 1 1 1 3 3  $y=-9
        1 1 1 1 1 1 1 1 3 1 1 1 1 1 1 1 1 1 1 1 3  $y=-8
        1 1 1 1 1 1 1 3 1 1 1 1 1 1 1 1 1 1 1 1 3  $y=-7
        1 1 1 1 1 1 1 1 1 1 1 1 1 1 1 1 1 1 1 1 1  $y=-6
        1 1 1 1 1 3 1 1 1 1 1 1 1 1 1 1 1 1 1 1 3  $y=-5
        1 1 1 1 1 1 1 1 1 1 1 1 1 1 1 1 1 1 1 1 1  $y=-4
        1 1 1 3 1 1 1 1 1 1 1 1 1 1 1 1 1 1 1 1 3  $y=-3
        1 1 3 1 1 1 1 1 1 1 1 1 1 1 1 1 1 1 1 1 3  $y=-2
        1 3 1 1 1 1 1 1 1 1 1 1 1 1 1 1 1 1 1 1 3  $y=-1
        3 3 1 1 1 1 1 1 1 1 1 1 1 1 1 1 1 1 1 3 3  $y=0
        3 1 1 1 1 1 1 1 1 1 1 1 1 1 1 1 1 1 1 3 1  $y=1
        3 1 1 1 1 1 1 1 1 1 1 1 1 1 1 1 1 1 3 1 1  $y=2
        3 1 1 1 1 1 1 1 1 1 1 1 1 1 1 1 1 3 1 1 1  $y=3
        1 1 1 1 1 1 1 1 1 1 1 1 1 1 1 1 1 1 1 1 1  $y=4
        3 1 1 1 1 1 1 1 1 1 1 1 1 1 1 3 1 1 1 1 1  $y=5
        1 1 1 1 1 1 1 1 1 1 1 1 1 1 1 1 1 1 1 1 1  $y=6
        3 1 1 1 1 1 1 1 1 1 1 1 1 3 1 1 1 1 1 1 1  $y=7
        3 1 1 1 1 1 1 1 1 1 1 1 3 1 1 1 1 1 1 1 1  $y=8
        3 3 1 1 1 1 1 1 1 1 3 3 1 1 1 1 1 1 1 1 1  $y=9
        3 3 3 3 1 3 1 3 3 3 3 1 1 1 1 1 1 1 1 1 1  $y=10

1  pz  -0.8       $ base
2  pz  0.0
3  px  47.5
4  px  -47.5
5  py  47.5
6  py  -47.5
7  pz  0.8        $ cone
8  kz  0.0  0.345 1
9  pz  1.8        $below blug
10 cz  0.47
11 cz  0.41       $ fuel zone
12 pz  91.5
13 cz .3           $ spring zone
14 pz  98.75 
15 pz   100
16 pz  1.5         $bottom grid
17 pz  1.75
18 cz .5
19 pz 98.25       $top grid
20 pz 98.5
21 pz 92.49      $critical water hieght+1.8
22 py 15.64041879 $ fuel array
23 py -15.64041879
24 p  1.732050808 1 0 31.28083758
25 p  1.732050808 1 0 -31.28083758
41 p  1.732050808 -1 0 31.28083758
42 p  1.732050808 -1 0 -31.28083758
30 pz   -20           $water boundary
31 px   60
32 px   -60
33 py   60
34 py   -60
35 px   36
36 px   -36
37 py   36
38 py   -36
39 so    200
40 so    202
45 px 0.86
46 px -0.86
47 p  1 1.732050808 0 1.72
48 p -1 1.732050808 0 1.72
49 p -1 1.732050808 0 -1.72
50 p  1 1.732050808 0 -1.72

kcode  3500 1.0  100  1100
ksrc   0 0 44.85
m1   92234.     7.1087e-6   $ (uo2) & Density  10.38 (g/cm3) 
     92235.     1.1104e-3
     92236.     3.1792e-5
     92238.     2.2006e-2
     8016.      4.6311e-2
     13027.     4.1701e-6
     26000.     9.5140e-6
     14000.     2.2479e-5
     5010.      6.9037e-8
     5011.      2.7788e-7 
m2   13027.     5.9569e-2  $ (cladding, end plugs)  & Density  2.7 (g/cm3) 
     12000.     3.1442e-4
     14000.     2.4894e-4
     30000.     7.4597e-6
     26000.     6.4052e-5
m3   7014.      4.1985e-5 $ (air)  & Density  (g/cm3)  
     8016.      1.1263e-5
m4   8016.       3.3353e-2 $ (water) & Density   (g/cm3) 
     1001.      6.6706e-2
mt4  lwtr.01t
m5   6000.      5.9414e-5 $ Stainless steel (basket, grid ,experimental tank and pedestal) & Density  7.9 (g/cm3) 
     24000.     1.6469e-2
     26000.     6.0014e-2
     25055.     8.6597e-4
     28000.     8.1061e-3
     14000.     8.4696e-4
     16000.     2.2256e-5
     15031.     3.0719e-5
m12  82207.     -11.34 
